1804 4
8.7491012152270176e-01	9.9999900000100006e-07	1.0117868001241111e-01	2.3910198465887066e-02
8.2751534793563164e-01	9.9999900000100006e-07	1.1396538680756348e-01	5.8518265257804694e-02
8.5447464280134011e-01	9.9999900000100006e-07	8.6923226605070555e-02	5.8601130594589282e-02
7.8307854699871182e-01	9.9999900000099985e-07	6.7442728659465989e-02	1.4947772434282208e-01
8.1219056655606769e-01	9.9999900000100027e-07	8.0614206826757268e-02	1.0719422661817499e-01
8.2688063293861391e-01	9.9999900000100006e-07	1.2356772421879490e-01	4.9550642843591126e-02
8.1124750660643885e-01	9.9999900000100006e-07	9.1036759006200563e-02	9.7714734388360480e-02
8.1216125289652930e-01	9.9999900000100006e-07	8.5547410913654129e-02	1.0229033619081651e-01
7.9218961909169072e-01	1.4321424516504392e-02	8.0474075872057349e-02	1.1301488051974759e-01
8.0557630619464260e-01	9.9999900000100006e-07	8.6044319272794240e-02	1.0837837453356319e-01
7.9191219582933914e-01	9.9999900000099985e-07	9.1177980658103272e-02	1.1690882351355754e-01
8.3769791264626614e-01	9.9999900000100027e-07	8.9643282396937668e-02	7.2657804957796335e-02
8.1500199205516810e-01	9.9999900000099985e-07	9.0041868110631113e-02	9.4955139835200611e-02
8.3652777422662705e-01	9.9999900000100006e-07	1.0847673526832755e-01	5.4994490506045421e-02
8.1328596883368331e-01	9.9999900000099985e-07	8.2334576034673132e-02	1.0437845513264353e-01
8.3080192508676076e-01	9.9999900000099985e-07	9.0475948598375211e-02	7.8721126315863948e-02
7.8526362473065670e-01	9.9999900000100027e-07	7.9817605420615889e-02	1.3491776984972739e-01
7.8227439596570536e-01	9.9999900000099985e-07	7.5049745831138326e-02	1.4267485820415621e-01
8.6021476779154282e-01	9.9999800000400001e-07	1.3978323221245720e-01	9.9999800000400001e-07
8.6611954332308716e-01	9.9999800000400022e-07	1.3387845668091297e-01	9.9999800000400022e-07
8.7781431884201644e-01	9.9999800000400001e-07	1.2218368116198365e-01	9.9999800000400001e-07
8.6019681254213487e-01	9.9999800000400001e-07	1.3980118746186515e-01	9.9999800000400001e-07
8.6054150630688175e-01	9.9999900000100027e-07	1.2702704233237241e-01	1.2430451361745818e-02
8.5897050916748752e-01	9.9999800000400022e-07	1.4102749083651256e-01	9.9999800000400022e-07
8.3439547149871562e-01	9.9999900000100006e-07	1.4246220992828118e-01	2.3141318574003075e-02
8.6448242200732961e-01	9.9999800000400001e-07	1.3551557799667044e-01	9.9999800000400001e-07
8.5198239107840423e-01	1.6585951154522260e-03	1.4635801380714358e-01	9.9999900000100006e-07
8.5656758742651529e-01	9.9999800000400001e-07	1.4343041257748479e-01	9.9999800000400001e-07
8.4522992291557042e-01	9.9999800000400001e-07	1.5476807708842952e-01	9.9999800000400001e-07
8.4422232427898047e-01	9.9999800000400001e-07	1.5577567572501966e-01	9.9999800000400001e-07
8.5774631786845257e-01	9.9999800000399980e-07	1.4225168213554756e-01	9.9999800000399980e-07
8.6215689940789730e-01	9.9999800000400022e-07	1.3784110059610286e-01	9.9999800000400022e-07
8.4025038741998193e-01	9.9999800000399980e-07	1.5974761258401801e-01	9.9999800000399980e-07
8.3603659896417715e-01	9.9999800000400001e-07	1.6396140103982307e-01	9.9999800000400001e-07
8.5460758380931334e-01	9.9999800000400001e-07	1.4539041619468676e-01	9.9999800000400001e-07
8.4958605746174454e-01	9.9999800000400001e-07	1.5041194254225554e-01	9.9999800000400001e-07
8.4036480926299362e-01	9.9999800000400022e-07	1.5963319074100654e-01	9.9999800000400022e-07
8.0554325994306819e-01	4.2455240859162538e-02	1.5200049919876932e-01	9.9999900000100027e-07
8.5386289289217376e-01	9.9999800000400001e-07	1.4613510711182645e-01	9.9999800000400001e-07
8.4141508006167842e-01	9.9999800000399980e-07	1.5858291994232163e-01	9.9999800000399980e-07
7.8829781418413891e-01	9.9999900000100006e-07	1.8880991016034659e-01	2.2891275656514470e-02
8.4843697584229094e-01	9.9999800000400044e-07	1.5156102416170916e-01	9.9999800000400044e-07
8.5956542271285796e-01	9.9999800000400001e-07	1.4043257729114209e-01	9.9999800000400001e-07
8.4959325267396713e-01	9.9999800000400001e-07	1.5040474733003301e-01	9.9999800000400001e-07
8.4409732087394096e-01	9.9999800000399980e-07	1.5590067913005917e-01	9.9999800000399980e-07
8.4374281757571168e-01	9.9999800000400022e-07	1.5625518242828842e-01	9.9999800000400022e-07
8.1182366457658561e-01	3.1268791713741806e-02	1.5690654371067259e-01	9.9999900000099985e-07
8.5267112748932006e-01	9.9999800000400001e-07	1.4732687251468016e-01	9.9999800000400001e-07
8.4456715727901410e-01	9.9999800000400001e-07	1.5543084272498608e-01	9.9999800000400001e-07
8.6988151683412185e-01	9.9999800000400001e-07	1.3011648316987820e-01	9.9999800000400001e-07
8.6087055172372950e-01	9.9999800000400001e-07	1.3912744828027049e-01	9.9999800000400001e-07
8.6208831449545120e-01	9.9999800000400001e-07	1.3790968550854887e-01	9.9999800000400001e-07
8.4908362550790351e-01	9.9999800000400001e-07	1.5091437449609651e-01	9.9999800000400001e-07
8.6375243012778113e-01	9.9999800000400001e-07	1.3624556987621886e-01	9.9999800000400001e-07
8.5493780401528541e-01	9.9999800000400001e-07	1.4506019598871464e-01	9.9999800000400001e-07
8.4936151037188312e-01	9.9999800000400001e-07	1.5063648963211682e-01	9.9999800000400001e-07
8.7173216634937101e-01	9.9999800000400001e-07	1.2826583365462912e-01	9.9999800000400001e-07
8.5582081811345434e-01	9.9999800000399980e-07	1.4417718189054585e-01	9.9999800000399980e-07
8.5239118700149274e-01	9.9999800000400001e-07	1.4760681300250722e-01	9.9999800000400001e-07
8.5920362799029326e-01	9.9999800000400001e-07	1.4079437201370676e-01	9.9999800000400001e-07
8.4897907139452244e-01	9.9999800000400001e-07	1.5101892860947747e-01	9.9999800000400001e-07
8.4899680985308057e-01	9.9999800000400001e-07	1.5100119015091945e-01	9.9999800000400001e-07
8.5542267210343392e-01	9.9999800000400022e-07	1.4457532790056613e-01	9.9999800000400022e-07
8.4494062787820057e-01	9.9999800000400001e-07	1.5505737212579948e-01	9.9999800000400001e-07
8.6465988117707016e-01	9.9999800000400001e-07	1.3533811882692984e-01	9.9999800000400001e-07
8.5946591402432626e-01	9.9999800000400022e-07	1.4053208597967376e-01	9.9999800000400022e-07
8.5111653982976254e-01	9.9999800000400001e-07	1.4888146017423748e-01	9.9999800000400001e-07
8.5431552509458430e-01	9.9999800000399980e-07	1.4568247490941569e-01	9.9999800000399980e-07
8.4810917760132654e-01	9.9999800000400001e-07	1.5188882240267360e-01	9.9999800000400001e-07
5.1472463429342052e-01	6.3289100558816452e-02	9.9999900000099985e-07	4.2198526514876306e-01
5.4418748236864856e-01	7.7972175006866151e-02	1.2741109870407713e-02	3.6509923275407763e-01
5.6132469749506231e-01	8.1995868296957194e-02	2.4199155746099599e-02	3.3248027846188111e-01
5.0166318743144467e-01	7.8564869137709076e-02	9.9999900000099985e-07	4.1977094343184623e-01
5.2682229733778962e-01	8.3460380614707966e-02	9.9999900000099985e-07	3.8971632204850226e-01
5.2717933515174442e-01	8.2013721630053035e-02	1.6932943864648839e-03	3.8911364883173755e-01
5.0809441261469712e-01	9.4788502352062098e-02	9.9999900000099985e-07	3.9711608503424084e-01
5.5076435171779370e-01	6.9608636422480316e-02	1.2774902220453659e-03	3.7834952163768076e-01
5.5434948368317860e-01	6.7502817917602265e-02	2.0470094779374136e-02	3.5767760361984502e-01
4.6687155899293514e-01	7.0729154301752764e-02	9.9999900000100027e-07	4.6239828670631206e-01
4.4796464334247732e-01	9.4553140958777510e-02	9.9999900000100006e-07	4.5748121569974509e-01
4.6043980288634712e-01	1.2539565257622839e-01	9.9999900000100006e-07	4.1416354453842441e-01
4.6632022653979271e-01	8.1569806293013108e-02	6.5202721726413263e-03	4.4558969499455292e-01
4.4576787627711328e-01	1.0232616148774633e-01	9.9999900000100006e-07	4.5190496223614035e-01
4.6708656327531412e-01	7.7989178490997402e-02	9.9999900000100006e-07	4.5492325823468849e-01
5.0545955107430829e-01	1.0108051469276960e-01	9.9999900000099985e-07	3.9345893423392203e-01
5.2606538816692849e-01	8.7593272535365072e-02	9.9999900000099985e-07	3.8634033929870637e-01
5.8247328235088836e-01	7.3970249960600101e-02	1.2411867864108117e-02	3.3114459982440342e-01
5.1829626690584274e-01	6.4570341115818469e-02	9.9999900000100027e-07	4.1713239197933882e-01
5.1151796199835842e-01	1.1295947494580473e-01	6.0118502264802642e-03	3.6951071282935644e-01
4.9695723482105286e-01	9.2603113727352304e-02	9.9999900000100027e-07	4.1043865145259489e-01
5.4203282009231035e-01	1.1534013192728418e-01	3.4528094733856617e-03	3.3917423850701978e-01
5.0896148522842655e-01	9.9999800000400001e-07	9.9999800000400001e-07	4.9103651477557336e-01
5.0793655873909749e-01	6.9136067227081408e-03	9.9999900000100027e-07	4.8514883453919450e-01
5.2723804686614451e-01	1.4483464095335543e-02	9.9999900000100006e-07	4.5827748903951993e-01
7.0866179872727864e-01	9.9999900000100006e-07	4.7391087154388591e-02	2.4394611411933281e-01
6.0418269332391672e-01	9.9999900000099964e-07	9.8012773017416358e-03	3.8601502937534155e-01
6.3678959455468964e-01	9.1749528310548587e-03	3.3401843497021758e-02	3.2063360911723371e-01
6.6219870871902464e-01	9.9999900000100006e-07	3.5007032044427774e-02	3.0279325923754757e-01
6.1768693884348813e-01	2.6335013586027980e-02	1.2866217455704505e-02	3.4311183011477941e-01
5.7329047605483840e-01	9.9999900000100006e-07	9.3578678304080572e-03	4.1735065611575356e-01
6.2981539486089988e-01	2.1612925762131620e-02	1.1693242400414482e-02	3.3687843697655406e-01
6.4033346838567262e-01	9.9999900000100006e-07	2.9238897998357216e-02	3.3042663361697011e-01
6.5154415287241152e-01	9.9999900000099943e-07	2.9333001781584593e-02	3.1912184534700366e-01
5.6036340008299923e-01	2.6182917264182433e-02	9.9999900000099985e-07	4.1345268265381840e-01
6.5557664137927474e-01	9.9999900000100006e-07	4.0053572168022432e-02	3.0436878645370269e-01
6.6708422666444711e-01	9.9999900000100006e-07	2.6445940921834207e-02	3.0646883241471856e-01
4.6115138926505833e-01	2.0414183901305033e-02	9.9999900000100006e-07	5.1843342683463656e-01
7.1680961118673581e-01	9.9999900000099985e-07	4.8725098898138614e-02	2.3446428991612536e-01
6.4833491237632146e-01	9.9999900000100027e-07	2.2324642298789645e-02	3.2933944532588871e-01
5.5746647935440774e-01	1.1299086132340579e-02	2.0760338897291428e-02	4.1047409561596032e-01
6.5065682060857311e-01	9.9999900000099985e-07	3.2850536107128098e-02	3.1649164328529855e-01
7.4888235707540962e-01	9.9999900000099985e-07	8.1995824902823922e-02	1.6912081802276624e-01
8.0702542002453859e-01	9.9999900000100006e-07	9.4791704863355628e-02	9.8181875113105707e-02
6.8722313469283947e-01	9.9999900000100027e-07	4.2754169703641633e-02	2.7002169560451900e-01
7.2219044402966837e-01	9.9999900000099964e-07	3.4999240793652693e-02	2.4280931517767876e-01
7.1002979510627207e-01	9.9999900000100006e-07	3.4739154304897109e-02	2.5523005058983073e-01
7.0073799873816867e-01	9.9999900000100006e-07	2.7214157843502961e-02	2.7204684341932828e-01
7.9267933524685674e-01	9.9999900000099985e-07	7.6683978829057448e-02	1.3063568592508584e-01
7.3263007613110509e-01	9.9999900000100006e-07	4.3154753479959847e-02	2.2421417038993507e-01
7.0150444531116984e-01	9.9999900000100006e-07	4.2600359537342904e-02	2.5589419515248718e-01
7.0070294979811587e-01	9.9999900000099985e-07	3.7931329900531198e-02	2.6136472030235297e-01
6.8996094635955729e-01	9.9999900000100006e-07	3.2939745250105366e-02	2.7709830839133737e-01
7.3095032897027834e-01	9.9999900000100006e-07	5.5788734301302371e-02	2.1325993672941920e-01
7.9363776551146326e-01	9.9999900000100027e-07	8.9747349557755374e-02	1.1661388493178144e-01
7.8089760412563403e-01	9.9999900000099985e-07	8.9870118820223388e-02	1.2923127705514253e-01
7.1681097901561386e-01	9.9999900000100006e-07	3.4397460811325442e-02	2.4879056017406057e-01
7.3775478155811514e-01	9.9999900000099985e-07	4.9958542663231784e-02	2.1228567577965293e-01
7.9643067187519201e-01	9.9999900000099985e-07	8.6821357733392876e-02	1.1674697039241508e-01
7.5455666362344986e-01	9.9999900000100006e-07	5.1871633993955696e-02	1.9357070238359445e-01
8.0073037692638815e-01	9.9999900000100006e-07	1.0261838602131201e-01	9.6650237053299726e-02
7.3278806277830921e-01	2.8870713484568412e-04	3.2377763667058301e-02	2.3454546641978680e-01
6.8751707051809940e-01	9.9999900000100006e-07	2.4466593818202410e-02	2.8801533566469806e-01
7.4092905176793367e-01	9.9999900000099985e-07	6.4512099179605473e-02	1.9455784905346077e-01
8.4537052779244848e-01	9.9999900000099985e-07	8.9983619932996542e-02	6.4644852275555012e-02
7.1671047174329428e-01	9.9999900000099985e-07	5.1526588421145027e-02	2.3176193983656057e-01
6.2533259866332069e-01	9.9999900000100006e-07	1.9678601645206399e-02	3.5498779969247296e-01
9.0202559274647842e-01	9.9999800000400001e-07	9.7972407257521710e-02	9.9999800000400001e-07
7.9794810874910171e-01	6.7541825849506427e-03	4.3973949171127347e-02	1.5132375949482021e-01
9.0034300410983603e-01	9.9999900000100006e-07	7.6394660955869290e-02	2.3261334935294552e-02
9.2173955222647497e-01	9.9999800000400022e-07	7.8258447777525095e-02	9.9999800000400022e-07
8.8164012341558251e-01	9.9999900000099985e-07	8.5588610552239819e-02	3.2770266033177474e-02
9.0888313017926137e-01	9.9999900000099985e-07	8.3725522890591930e-02	7.3903469311466224e-03
9.0540782524038799e-01	9.9999900000100027e-07	8.4802490023094756e-02	9.7886847375173256e-03
8.8361649560127653e-01	9.9999900000099985e-07	7.0236139267202319e-02	4.6146365132521058e-02
9.0450584242456999e-01	9.9999900000100006e-07	9.2754355164995958e-02	2.7388024114340663e-03
9.1046699139287868e-01	9.9999800000400001e-07	8.9531008611121496e-02	9.9999800000400001e-07
8.6740257012749411e-01	9.9999900000099985e-07	8.3803764874479450e-02	4.8792664999026465e-02
8.4414875935899403e-01	9.9999900000099985e-07	6.2490023162356127e-02	9.3360217479649718e-02
8.5925439667745518e-01	9.9999900000099985e-07	5.3380761084994913e-02	8.7363842238549691e-02
8.5037018422692234e-01	9.9999900000100006e-07	7.4062356033023732e-02	7.5566459741053901e-02
8.9400024217413832e-01	9.9999800000400001e-07	1.0599775782986182e-01	9.9999800000400001e-07
8.3346499796183149e-01	9.9999900000100027e-07	6.3785015352596050e-02	1.0274898668657260e-01
8.5461184912435117e-01	9.9999900000100006e-07	7.7035112482785148e-02	6.8352038393863515e-02
8.6891632301073241e-01	9.9999900000099985e-07	7.3520080127636320e-02	5.7562596862631168e-02
8.8139594694830170e-01	9.9999900000100006e-07	8.9594573950245407e-02	2.9008479102452907e-02
5.4913803812046480e-01	1.5464960124087240e-02	9.9999900000100006e-07	4.3539600175644794e-01
5.6864748550593025e-01	1.1814600300271502e-02	9.9999900000100006e-07	4.1953691419479833e-01
5.1609913928881612e-01	3.0502071928020694e-02	9.9999900000099985e-07	4.5339778878416293e-01
5.4632343558792296e-01	3.4807299812924367e-02	9.9999900000099985e-07	4.1886826460015258e-01
5.3953340417640872e-01	5.5925866851851115e-02	9.9999900000100027e-07	4.0453972897274015e-01
5.5418882575400907e-01	1.7200448512145694e-02	9.9999900000099985e-07	4.2860972573484524e-01
5.6098093542833760e-01	3.0613384632198853e-02	9.9999900000099985e-07	4.0840467994046353e-01
5.4190872042722738e-01	2.2266020605719378e-02	9.9999900000100006e-07	4.3582425896805332e-01
5.7895330231261288e-01	8.4745754918997863e-03	9.9999900000100006e-07	4.1257112219648723e-01
5.4516237685732660e-01	5.9054709353332215e-02	9.9999900000099985e-07	3.9578191379034117e-01
5.7971266272046595e-01	8.7485991697040192e-03	9.9999900000099985e-07	4.1153773811083005e-01
5.4989568186533255e-01	9.9999800000400022e-07	9.9999800000400022e-07	4.5010231813866752e-01
5.2932202988763122e-01	3.0848752383351098e-02	9.9999900000100006e-07	4.3982821773001768e-01
4.9060590044226243e-01	5.3597436532325411e-02	9.9999900000099985e-07	4.5579566302641206e-01
5.6347669948857759e-01	2.6287136047864899e-02	9.9999900000100027e-07	4.1023516446455760e-01
5.5077389141403710e-01	1.3159491825414838e-02	9.9999900000099985e-07	4.3606561676154798e-01
5.8200940686976932e-01	1.1644757545909315e-02	9.9999900000100027e-07	4.0634483558532153e-01
5.3553363501613060e-01	3.1353870032996577e-02	9.9999900000099985e-07	4.3311149495187273e-01
5.7779657001850870e-01	2.1261160406356196e-02	9.9999900000100006e-07	4.0094126957613496e-01
5.4205024209028585e-01	5.1080089929476408e-02	9.9999900000100006e-07	4.0686866798123772e-01
5.2602200955647727e-01	7.9833864614423947e-02	9.9999900000099985e-07	3.9414312583009858e-01
5.2055684550462444e-01	2.3503628738475956e-02	9.9999900000099985e-07	4.5593852575789945e-01
5.4767432837583174e-01	3.5351607466394895e-02	9.9999900000100027e-07	4.1697306415877350e-01
5.5705403979570578e-01	1.4729370630420572e-02	9.9999900000100006e-07	4.2821558957487355e-01
5.2845257213938712e-01	1.6547340599876097e-02	9.9999900000100006e-07	4.5499908726173677e-01
5.3726752712539561e-01	5.1050943386319714e-02	9.9999900000099985e-07	4.1168052948928457e-01
4.9698072859283321e-01	6.0301697752791379e-02	9.9999900000099985e-07	4.4271657365537531e-01
5.9035845752261185e-01	1.4342021230530706e-02	9.9999900000099985e-07	3.9529852124785747e-01
5.2575660395923651e-01	3.2662154008311149e-02	9.9999900000100006e-07	4.4158024203345231e-01
5.5317758737734768e-01	3.8897607347578612e-02	9.9999900000099985e-07	4.0792380527607347e-01
5.4055087070793373e-01	6.4758715088640588e-03	9.9999900000100006e-07	4.5297225778420225e-01
5.3831592356378033e-01	5.2693900440672008e-02	9.9999900000100027e-07	4.0898917599654772e-01
5.5446984135765331e-01	5.6591351919523449e-02	9.9999900000099985e-07	3.8893780672382311e-01
5.1056067708915875e-01	1.8398438153658742e-02	9.9999900000100006e-07	4.7103988475818248e-01
5.2286470108183647e-01	4.7573965076994955e-02	9.9999900000099985e-07	4.2956033384216835e-01
5.6889290474569931e-01	3.2481910203944482e-02	9.9999900000099985e-07	3.9862418505135611e-01
5.0639081747526238e-01	3.4275837074672529e-02	9.9999900000100006e-07	4.5933234545106505e-01
5.5507045895105922e-01	5.7222281411800106e-03	9.9999900000100006e-07	4.3920631290876061e-01
5.3007019373864572e-01	3.5805271207155848e-02	9.9999900000100006e-07	4.3412353505519841e-01
6.5202108399552294e-01	9.9999900000100006e-07	8.2009902909283318e-03	3.3977692571454876e-01
6.4223761670549762e-01	1.5617736990035113e-02	9.1544145169215607e-03	3.3299023178754583e-01
6.4843933613789051e-01	6.6701092923217723e-03	1.8083346429984933e-02	3.2680720813980252e-01
6.4309002338297316e-01	9.9999900000100027e-07	9.3684177363382963e-03	3.4754055888168844e-01
7.3305321693909287e-01	9.9999900000100027e-07	5.7776436798878915e-02	2.0916934626302830e-01
6.8568930819771889e-01	9.9999900000099985e-07	1.8739144316877916e-02	2.9557054748640310e-01
6.7074144521171319e-01	1.8462158040298944e-02	2.4883088051048538e-02	2.8591330869693943e-01
7.5190730320648247e-01	9.9999900000099985e-07	5.0488454360247521e-02	1.9760324243426991e-01
6.8893627300612792e-01	9.9999900000100006e-07	3.2867971935371436e-02	2.7819475505950053e-01
6.6709913992054570e-01	7.5618381370582668e-04	9.9999900000100027e-07	3.3214367626674851e-01
6.1664679917943765e-01	9.9999900000100027e-07	7.5044741066309789e-03	3.7584772671493138e-01
6.3769110980244548e-01	3.2503904315606916e-02	8.3375497715440002e-03	3.2146743611040363e-01
6.4832758380807909e-01	1.0427888636694480e-02	1.0909828572828821e-02	3.3033469898239759e-01
6.7883555984911315e-01	9.9999900000099985e-07	2.4134005731857418e-02	2.9702943442002927e-01
6.3062399572922956e-01	9.1618695128876260e-03	1.5424160921283967e-02	3.4478997383659876e-01
6.3264405959472925e-01	9.9999900000100006e-07	6.8372589230887215e-03	3.6051768148318192e-01
6.6102781350938000e-01	9.9999900000099985e-07	3.3362263957727331e-02	3.0560892253389255e-01
6.6282530978768228e-01	3.2610743964073187e-02	2.1284543082275894e-02	2.8327940316596861e-01
6.2852979525572661e-01	1.2734686095900623e-02	2.0573610359936219e-02	3.3816190828843656e-01
6.9730473618455124e-01	9.9999900000100006e-07	4.0978566913211875e-02	2.6171569690323676e-01
6.3004788243723331e-01	9.9999900000099985e-07	2.3796649111948662e-02	3.4615446845181791e-01
6.5789692310610204e-01	9.9999900000100027e-07	1.7113381885798720e-02	3.2498869500909927e-01
6.3801409471836934e-01	9.9999900000100006e-07	3.1432345750663400e-02	3.3055255953196727e-01
6.9164482366241342e-01	9.9999900000099985e-07	3.1650074893606564e-02	2.7670410144497992e-01
6.5523878651598177e-01	5.0486212151010018e-03	9.1949029019006961e-03	3.3051768936701648e-01
6.8105931033867406e-01	9.9999900000100006e-07	3.1878903243795220e-02	2.8706078641853067e-01
6.5160205832627294e-01	1.1475895953055534e-02	1.8449444110543511e-02	3.1847260161012808e-01
7.6854788943566288e-01	9.9999900000099985e-07	6.6936795432935722e-02	1.6451431513240122e-01
6.7493589165687606e-01	6.0796546221118417e-04	1.5787698134909805e-02	3.0866844474600302e-01
6.6134473057012388e-01	2.0155835966729291e-02	1.8183179080526232e-02	3.0031625438262061e-01
6.6232272779862167e-01	1.1138552720886220e-02	2.6690246208130170e-02	2.9984847327236197e-01
6.3791050074941702e-01	3.7665813645379256e-02	2.6708036722487491e-03	3.2175288193295498e-01
6.3193677525949243e-01	1.6499121408982121e-02	8.6730524028334061e-03	3.4289105092869204e-01
6.8469225589962457e-01	9.9999900000100006e-07	2.2124235592992435e-02	2.9318250850838290e-01
7.1262026078843044e-01	9.9999900000099985e-07	5.0924929846233077e-02	2.3645380936633639e-01
6.3623154783966795e-01	9.9999800000399980e-07	9.9999800000399980e-07	3.6376645216433184e-01
6.5409538363632014e-01	9.9999900000100006e-07	3.0813037828961755e-02	3.1509057853571798e-01
6.3046739925636208e-01	2.2222460069002779e-02	5.6408489875436445e-03	3.4166929168709154e-01
5.2955369082466919e-01	6.4758697083958941e-02	9.9999900000100006e-07	4.0568661209237183e-01
5.4199889478020402e-01	5.2810710808450123e-02	9.9999900000100027e-07	4.0518939441234586e-01
5.3455724095361512e-01	6.4152480748266155e-02	9.9999900000100006e-07	4.0128927829911876e-01
5.3464845767460156e-01	6.2687492131512798e-02	9.9999900000100006e-07	4.0266305019488557e-01
5.3322047647416682e-01	5.2256751659956267e-02	9.9999900000100027e-07	4.1452177186687689e-01
5.0615653384388049e-01	9.5988070064052883e-02	9.9999900000099985e-07	3.9785439609306650e-01
5.3033461376891389e-01	5.3234349657122697e-02	9.9999900000099985e-07	4.1643003657496336e-01
5.1578295899791105e-01	6.2493261765793791e-02	9.9999900000100027e-07	4.2172277923729512e-01
5.0938532410114967e-01	6.3782111803742755e-02	9.9999900000100006e-07	4.2683156409610751e-01
5.8286074849255620e-01	2.7032093783129766e-02	9.9999900000100006e-07	3.9010615772531398e-01
5.0723351571023212e-01	7.8360682197163356e-02	9.9999900000100027e-07	4.1440480209360459e-01
5.5879124119959411e-01	3.4184755766618072e-02	9.9999900000100027e-07	4.0702300303478783e-01
5.6230633119008466e-01	8.7655823694261295e-03	9.9999900000100006e-07	4.2892708644148908e-01
5.8887567069075875e-01	9.7966302989723700e-03	9.9999900000100006e-07	4.0132669901126883e-01
5.5644838372693850e-01	2.4585319322053833e-02	3.2672277466000489e-03	4.1569906920440758e-01
5.6848402311386570e-01	2.2140522559415506e-02	9.9999900000099985e-07	4.0937445432771874e-01
5.1105779880557667e-01	2.9251731833760026e-02	9.9999900000100027e-07	4.5968946936166338e-01
5.2705481644502317e-01	9.9999800000400001e-07	9.9999800000400001e-07	4.7294318355897680e-01
5.1562060707405732e-01	2.4614340973128649e-02	9.9999900000100006e-07	4.5976405195381403e-01
5.4083813794418079e-01	5.0601061053753948e-02	9.9999900000100027e-07	4.0855980100306533e-01
5.2613321691829251e-01	5.6997930641046891e-02	9.9999900000100027e-07	4.1686785244166058e-01
5.6553956619569834e-01	1.9559072700616707e-02	9.9999900000099985e-07	4.1490036110468476e-01
5.4814181173457532e-01	4.0473888601727348e-02	9.9999900000099943e-07	4.1138329966469717e-01
7.0160354066844821e-01	6.4674076144452244e-03	4.7711514153748018e-02	2.4421753756335857e-01
7.2109750515268645e-01	9.9999900000100006e-07	4.5732851587948410e-02	2.3316864326036502e-01
5.1171821507539395e-01	9.9999900000100006e-07	4.3994005734179021e-03	4.8388138435218808e-01
5.4217083364029428e-01	2.7111731559207649e-02	9.9999900000100006e-07	4.3071643480149813e-01
5.0837980899195212e-01	4.5376033200475235e-03	9.9999900000099985e-07	4.8708158768900017e-01
5.2514078156996657e-01	5.3595113946248149e-02	9.9999900000099985e-07	4.2126310448478516e-01
4.0445091280479045e-01	9.9999800000399980e-07	9.9999800000399980e-07	5.9554708719920957e-01
4.0750856340286928e-01	9.9999800000400022e-07	9.9999800000400022e-07	5.9248943660113085e-01
4.1884815649860707e-01	9.9999800000399980e-07	9.9999800000399980e-07	5.8114984350539300e-01
4.0909390100214127e-01	9.9999800000400001e-07	9.9999800000400001e-07	5.9090409900185881e-01
4.4307647976157888e-01	9.9999800000400001e-07	9.9999800000400001e-07	5.5692152024242125e-01
5.0125883628052870e-01	6.4293712202119283e-02	9.9999900000099985e-07	4.3444645151835198e-01
4.2414835987478355e-01	9.9999800000400022e-07	9.9999800000400022e-07	5.7584964012921647e-01
4.6111834979693511e-01	1.5479523848173157e-02	9.9999900000100006e-07	5.2340112635589175e-01
3.3952872816005225e-01	9.9999800000399980e-07	9.9999800000399980e-07	6.6046927184394766e-01
3.8789899714021514e-01	9.9999800000400022e-07	9.9999800000400022e-07	6.1209900286378505e-01
3.5138630394246223e-01	9.9999800000400001e-07	9.9999800000400001e-07	6.4861169606153779e-01
3.7658672674236560e-01	9.9999800000400001e-07	9.9999800000400001e-07	6.2341127326163448e-01
3.5037579951876335e-01	9.9999800000399980e-07	9.9999800000399980e-07	6.4962220048523656e-01
3.7998429977096471e-01	9.9999800000400001e-07	9.9999800000400001e-07	6.2001370023303548e-01
3.8020286172674428e-01	9.9999800000399980e-07	9.9999800000399980e-07	6.1979513827725574e-01
3.3732526329755874e-01	9.9999800000400022e-07	9.9999800000400022e-07	6.6267273670644145e-01
3.5724252355867769e-01	9.9999800000399980e-07	9.9999800000399980e-07	6.4275547644532238e-01
3.4893783288919483e-01	9.9999800000400022e-07	9.9999800000400022e-07	6.5106016711480530e-01
3.5839256269499487e-01	9.9999800000400001e-07	9.9999800000400001e-07	6.4160543730900510e-01
2.9162379913483755e-01	9.9999800000399980e-07	9.9999800000399980e-07	7.0837420086916247e-01
3.5043940563050663e-01	9.9999800000399980e-07	9.9999800000399980e-07	6.4955859437349339e-01
3.4713627927982049e-01	9.9999800000399980e-07	9.9999800000399980e-07	6.5286172072417947e-01
2.6466509787530934e-01	2.5015625019614934e-02	9.9999900000100006e-07	7.1031827710607576e-01
3.8214633884675281e-01	9.9999800000400001e-07	9.9999800000400001e-07	6.1785166115724721e-01
3.5921355310337466e-01	9.9999800000400001e-07	9.9999800000400001e-07	6.4078444690062553e-01
3.9933881870194765e-01	9.9999800000399980e-07	9.9999800000399980e-07	6.0065918130205243e-01
3.5261227728156830e-01	9.9999800000399980e-07	9.9999800000399980e-07	6.4738572272243167e-01
4.1368530641403761e-01	9.9999800000400022e-07	9.9999800000400022e-07	5.8631269358996252e-01
4.3229220292144699e-01	9.9999800000399980e-07	9.9999800000399980e-07	5.6770579708255298e-01
3.3493640913114126e-01	9.9999800000400022e-07	9.9999800000400022e-07	6.6506159087285888e-01
1.8624363072784300e-01	1.9573719525724557e-02	9.9999900000100006e-07	7.9418164974743255e-01
1.5561111105189634e-01	9.2411260831431280e-02	9.9999900000099985e-07	7.5197662811767241e-01
4.1244533488304214e-01	2.7381976867702808e-02	9.9999900000100006e-07	5.6017168825025498e-01
4.2804619831684187e-01	9.9999800000400022e-07	9.9999800000400022e-07	5.7195180168715831e-01
4.1951347558262830e-01	9.9999800000399980e-07	9.9999800000399980e-07	5.8048452442137166e-01
3.9278422859611439e-01	9.9999800000400001e-07	9.9999800000400001e-07	6.0721377140788568e-01
4.2037502885060057e-01	9.9999800000400001e-07	9.9999800000400001e-07	5.7962297115339945e-01
4.1222292320829246e-01	9.9999800000400001e-07	9.9999800000400001e-07	5.8777507679570773e-01
3.9743076264681193e-01	9.9999800000400022e-07	9.9999800000400022e-07	6.0256723735718809e-01
4.3645958791894007e-01	9.9999800000400022e-07	9.9999800000400022e-07	5.6353841208506006e-01
3.8492433596663617e-01	8.3497461495500840e-03	9.9999900000099985e-07	6.0672491788481364e-01
3.7884248213207250e-01	1.8925486498085807e-02	9.9999900000099985e-07	6.0223103137084155e-01
4.4138511517305945e-01	3.7991131736345385e-02	9.9999900000099985e-07	5.2062275309159523e-01
4.0472714747165928e-01	3.4128239731397933e-02	9.9999900000100006e-07	5.6114361279794267e-01
4.4737401573892066e-01	2.5062190683138631e-02	9.9999900000099964e-07	5.2756279357894065e-01
4.0136956736141893e-01	6.7798140228585282e-02	9.9999900000099985e-07	5.3083129241099569e-01
4.3125569280428161e-01	4.6147097108929523e-02	9.9999900000100006e-07	5.2259621008778889e-01
4.3778621786291971e-01	3.0511036883818211e-02	9.9999900000100006e-07	5.3170174525426217e-01
4.4657653713669881e-01	5.8808813787574021e-02	9.9999900000100006e-07	4.9461364907672717e-01
4.1658821304743954e-01	5.3622480218491454e-02	9.9999900000100027e-07	5.2978830673506894e-01
4.0078550514854228e-01	3.1929191538908275e-02	9.9999900000099985e-07	5.6728430331354951e-01
3.5076216560371248e-01	1.9760256811981046e-03	9.9999900000100006e-07	6.4726080871608938e-01
3.2202176232483426e-01	3.0139964000476620e-02	9.9999900000099985e-07	6.4783727367568900e-01
2.8740227889467329e-01	9.9999800000400044e-07	9.9999800000400044e-07	7.1259572110932679e-01
3.8367556208394826e-01	9.9999800000400022e-07	9.9999800000400022e-07	6.1632243792005181e-01
4.8144781405755466e-01	9.9999800000399980e-07	9.9999800000399980e-07	5.1855018594644531e-01
5.1043456343143134e-01	9.0756186853411332e-04	9.9999900000100027e-07	4.8865687470103464e-01
4.8546804384824788e-01	1.7213428291691941e-02	9.9999900000100006e-07	4.9731752786106009e-01
4.8082328954045106e-01	9.9999800000400001e-07	9.9999800000400001e-07	5.1917471046354902e-01
4.8424423879890360e-01	9.9999800000400022e-07	9.9999800000400022e-07	5.1575376120509653e-01
3.8178352743155825e-01	6.8574914018451935e-02	9.9999900000100027e-07	5.4964055855098992e-01
4.4625451159070678e-01	1.0533219659443088e-01	9.9999900000100006e-07	4.4841229181586223e-01
4.0881923643184664e-01	1.0760575604771436e-01	9.9999900000099985e-07	4.8357400752143875e-01
4.0922937950957594e-01	1.2690029425694246e-01	9.9999900000099985e-07	4.6386932623448152e-01
3.8380779645805663e-01	1.0186936328064423e-01	9.9999900000100006e-07	5.1432184026229910e-01
4.4713099597798855e-01	8.5994987874134912e-02	9.9999900000099985e-07	4.6687301614887633e-01
4.0454169586693600e-01	9.6945486107098758e-02	9.9999900000099985e-07	4.9851181802696537e-01
4.2917094434248587e-01	9.8397588156992608e-02	9.9999900000099985e-07	4.7243046750152140e-01
5.3308277217066846e-01	3.9825532983402336e-02	9.9999900000099985e-07	4.2709069484692908e-01
5.3490589512573072e-01	2.8084652864630497e-02	9.9999900000099985e-07	4.3700845201063870e-01
5.2161565128975773e-01	3.2855295898009222e-02	9.9999900000100027e-07	4.4552805281323304e-01
5.3659205086171613e-01	2.2390966120310551e-02	9.9999900000100006e-07	4.4101598301897332e-01
5.5421327329294545e-01	1.2756312763749804e-02	9.9999900000099985e-07	4.3302941394430461e-01
5.4438468421152542e-01	3.0173039564965004e-02	9.9999900000100006e-07	4.2544127622450939e-01
4.2564409893958766e-01	1.0844814798888348e-01	9.9999900000100006e-07	4.6590675307252882e-01
4.4385167576292311e-01	7.5879837577470549e-02	9.9999900000100006e-07	4.8026748666060637e-01
4.2526791295916438e-01	1.1773636684710535e-01	9.9999900000100006e-07	4.5699472019473025e-01
5.2073462101458690e-01	9.3132464561387060e-02	9.9999900000100006e-07	3.8613191442502592e-01
3.5826443018884285e-01	1.2039728316632968e-01	9.9999900000100027e-07	5.2133728664582757e-01
4.7054421870426894e-01	1.0057234289369404e-01	9.9999900000100027e-07	4.2888243840303703e-01
4.1418275975288332e-01	1.3777278740939358e-01	9.9999900000100006e-07	4.4804345283872304e-01
4.2995681444030370e-01	1.2174725716679301e-01	9.9999900000099985e-07	4.4829492839390317e-01
1.7182855190000756e-01	1.6369127572895037e-01	9.9999900000100006e-07	6.6447917237204202e-01
2.0953065738362775e-01	1.4737856175837197e-01	9.9999900000100006e-07	6.4308978085900015e-01
1.9515457928921628e-01	1.2279794903431300e-01	9.9999900000100006e-07	6.8204647167747068e-01
1.5690990434581828e-01	1.2967752550671618e-01	9.9999900000100006e-07	7.1341157014846557e-01
1.7234231169664355e-01	1.4977045129960392e-01	9.9999900000099985e-07	6.7788623700475248e-01
2.1445211528751315e-01	1.0749290445857762e-01	9.9999900000099985e-07	6.7805398025490915e-01
1.8871131810081007e-01	1.1267042705245568e-01	9.9999900000100027e-07	6.9861725484773429e-01
2.1843981795933345e-01	1.0247279657939343e-01	9.9999900000099985e-07	6.7908638546227318e-01
2.1410319175942899e-01	1.2065265114842581e-01	9.9999900000099985e-07	6.6524315709314519e-01
2.0659754046558679e-01	1.2801364225347739e-01	9.9999900000100006e-07	6.6538781728193575e-01
1.8210419131198136e-01	1.1857220420036581e-01	9.9999900000099985e-07	6.9932260448865291e-01
2.1465203534073521e-01	1.3757119752365404e-01	9.9999900000100027e-07	6.4777576713661067e-01
1.8737691158832476e-01	1.1393988117981640e-01	9.9999900000100006e-07	6.9868220723285879e-01
1.8134704461348941e-01	1.4185710623041781e-01	9.9999900000100027e-07	6.7679484915709276e-01
2.5986393620542603e-01	1.0641863123835282e-01	9.9999900000099985e-07	6.3371643255722110e-01
1.7578856895617781e-01	1.5912602862490594e-01	9.9999900000099985e-07	6.6508440241991618e-01
4.0484204007622038e-01	7.9440722788833393e-02	9.9999900000100027e-07	5.1571623713594639e-01
2.7270294382343185e-01	1.1036022007539843e-01	9.9999900000099985e-07	6.1693583610216962e-01
3.6196441644254179e-01	1.1434263214753324e-01	9.9999900000099985e-07	5.2369195141092506e-01
1.6348915317160456e-01	1.3245620108207889e-01	9.9999900000099985e-07	7.0405364574731655e-01
1.5795291277387649e-01	1.2919572463321685e-01	9.9999900000100027e-07	7.1285036259390655e-01
1.6300993722081528e-01	1.4303928516063172e-01	9.9999900000099985e-07	6.9394977761955290e-01
1.7517942431005382e-01	1.7059745767047596e-01	9.9999900000100027e-07	6.5422211802047026e-01
1.9405681237250630e-01	1.3186857723552720e-01	9.9999900000100006e-07	6.7407361039296654e-01
2.2645444906437615e-01	1.2548438347987451e-01	9.9999900000099985e-07	6.4806016745674933e-01
1.6067175253697000e-01	1.3626484106489636e-01	9.9999900000099985e-07	7.0306240639913364e-01
1.6714571712481527e-01	1.0334972488702329e-01	9.9999900000100006e-07	7.2950355798916144e-01
1.1363903097999811e-01	8.0045059841497734e-02	9.9999900000099985e-07	8.0631490917950421e-01
1.3197452125453399e-01	1.0791129267891132e-01	9.9999900000100006e-07	7.6011318606755462e-01
1.6269654460665023e-01	6.1809308921736916e-02	9.9999900000100027e-07	7.7549314647261292e-01
1.6589490235990342e-01	1.1793457015526222e-01	9.9999900000099985e-07	7.1616952748583440e-01
9.3318766265308606e-02	9.5158747467733104e-02	9.9999900000099985e-07	8.1152148626795839e-01
1.2191695371886818e-01	7.9996849171325768e-02	9.9999900000099985e-07	7.9808519711080594e-01
1.2463631055925245e-01	8.3066818493774647e-02	9.9999900000099985e-07	7.9229587094797282e-01
1.2949680843612707e-01	7.9420024125948369e-02	9.9999900000100006e-07	7.9108216743892446e-01
1.8077959972988361e-01	1.0177555218243069e-01	9.9999900000100027e-07	7.1744384808868578e-01
5.6544065478453420e-02	6.7992566936645488e-02	9.9999900000100027e-07	8.7546236758590101e-01
1.0954863953387652e-01	7.5478253230630232e-02	9.9999900000100006e-07	8.1497210723649327e-01
1.2064913872779778e-01	8.9143650883483694e-02	9.9999900000100006e-07	7.9020621038971839e-01
9.3443141868733481e-02	8.5925057701288998e-02	9.9999900000099985e-07	8.2063080043097747e-01
8.1036629396818188e-02	8.6229279210818216e-02	9.9999900000100006e-07	8.3273309139336349e-01
1.2206996745600708e-01	7.5897638865982664e-02	9.9999900000100006e-07	8.0203139367901022e-01
1.0413167700925885e-01	1.0854813322013857e-01	9.9999900000100006e-07	7.8731918977160265e-01
1.1750328201259720e-01	1.0251906835773876e-01	9.9999900000100006e-07	7.7997664963066393e-01
1.0401331194007941e-01	1.1402418503660236e-01	9.9999900000100027e-07	7.8196150302431822e-01
1.1629140373476476e-01	9.6559214287942077e-02	9.9999900000100006e-07	7.8714838197829318e-01
6.8155068602746907e-02	6.1718222760449776e-02	9.9999900000099985e-07	8.7012570863780314e-01
5.5016889898285952e-02	5.2931133449172121e-02	9.9999900000100006e-07	8.9205097665354183e-01
3.5998757944021589e-02	7.0926492088956267e-02	7.6671839240146826e-03	8.8540756604300752e-01
5.7986647942143511e-02	8.5844316702291881e-02	9.9999900000100006e-07	8.5616803535656449e-01
5.5603853383192577e-02	8.0794511554784468e-02	9.9999900000099985e-07	8.6360063506302287e-01
9.6226559046628288e-02	5.7577785971629367e-02	9.9999900000100006e-07	8.4619465498274227e-01
5.7501653316770318e-02	8.3295170911578925e-02	9.9999900000099985e-07	8.5920217577265079e-01
7.3306439744374438e-02	6.2255523975615477e-02	9.9999900000100027e-07	8.6443703628101010e-01
7.6049760221750792e-02	4.1721281109300415e-02	1.0462672692605042e-02	8.7176628597634365e-01
6.4390246569335480e-02	7.4016647315100173e-02	9.9999900000099985e-07	8.6159210611656434e-01
1.0822606940371052e-01	1.6969820943692049e-01	9.9999900000099985e-07	7.2207472116036897e-01
9.7977094838248457e-02	1.9301551245803289e-01	9.9999900000099985e-07	7.0900639270471855e-01
1.4811500350292869e-01	1.7897821127423280e-01	9.9999900000100006e-07	6.7290578522383848e-01
1.0829489542114838e-01	2.0982642017079980e-01	9.9999900000099985e-07	6.8187768440905172e-01
1.3304738805142627e-01	1.8201429259525895e-01	9.9999900000100006e-07	6.8493731935431479e-01
1.2597435468141416e-01	1.9166495400290828e-01	9.9999900000100006e-07	6.8235969131667751e-01
1.0457451580146644e-01	1.9220819141777493e-01	9.9999900000099985e-07	7.0321629278175857e-01
1.1903152100708242e-01	1.8946287958085534e-01	9.9999900000100027e-07	6.9150459941306219e-01
1.3600524177795831e-01	1.5322111319786877e-01	9.9999900000100006e-07	7.1077264502517290e-01
9.1241212907013231e-02	1.9683864728327607e-01	9.9999900000100006e-07	7.1191913981071064e-01
1.4422373728562632e-01	1.7698112009106970e-01	9.9999900000099985e-07	6.7879414262430382e-01
9.8699361439755662e-02	2.0930426826024542e-01	9.9999900000100027e-07	6.9199537030099900e-01
3.0501241097898879e-01	1.3109621368878616e-01	9.9999900000100006e-07	5.6389037533322517e-01
2.8602083636024828e-01	1.2432099277615860e-01	9.9999900000100006e-07	5.8965717086459313e-01
3.1683722573393258e-01	1.3730313709970135e-01	9.9999900000099985e-07	5.4585863716736605e-01
2.8725930587076082e-01	1.2915356696324504e-01	9.9999900000099985e-07	5.8358612716699410e-01
3.0684465349729451e-01	1.2247023723599028e-01	9.9999900000099985e-07	5.7068410926771507e-01
1.8093345370551203e-01	1.8442632487055777e-01	9.9999900000100027e-07	6.3463922142493023e-01
1.8642141997322487e-01	1.5460952622233790e-01	9.9999900000099985e-07	6.5896805380543721e-01
1.8623240033302205e-01	1.1487552213143226e-01	9.9999900000099985e-07	6.9889107753654556e-01
1.7401834115043824e-01	1.7683923681552960e-01	9.9999900000100006e-07	6.4914142203503222e-01
1.6623120619229254e-01	1.8728799010278557e-01	9.9999900000100027e-07	6.4647980370592206e-01
1.8644941686851960e-01	1.5228092616251085e-01	9.9999900000099985e-07	6.6126865696996950e-01
1.7234804590672334e-01	1.6754668010053078e-01	9.9999900000100006e-07	6.6010427399374594e-01
1.9235668027509858e-01	1.4747748279476164e-01	9.9999900000099985e-07	6.6016483693113970e-01
1.4533343157941103e-01	3.9025069497598769e-01	9.9999900000099985e-07	4.6441487344560117e-01
1.1517148940762172e-01	3.6774920999405708e-01	9.9999900000100006e-07	5.1707830059932114e-01
1.3728754188464301e-01	3.9216640614315179e-01	9.9999900000099985e-07	4.7054505197320523e-01
1.4102950471016604e-01	3.8951121579397902e-01	9.9999900000100006e-07	4.6945827949685487e-01
1.3690863397304845e-01	4.1614998112078605e-01	9.9999900000099985e-07	4.4694038490716548e-01
1.2393115144512057e-01	3.8053941859884649e-01	9.9999900000100027e-07	4.9552842995703300e-01
1.6076902860168832e-01	3.7618323513588642e-01	9.9999900000099985e-07	4.6304673626342524e-01
1.6707288325856193e-01	3.9063344655646060e-01	9.9999900000099964e-07	4.4229267018597745e-01
1.2592333345110421e-01	4.1346058741803393e-01	9.9999900000099964e-07	4.6061507913186167e-01
1.4526769958301503e-01	4.0778599870153154e-01	9.9999900000100006e-07	4.4694530171645330e-01
